10000
7579
5680
3689
8890
5897
3835
1109
5275
8202
7426
320
367
9485
2709
4025
7857
7563
8706
8216
5536
6107
552
125
8048
3008
1593
3485
7750
2462
2067
251
41
8826
3940
8931
5801
8855
1118
1076
7056
8544
2475
7423
9108
6264
2527
6964
3826
1232
5179
440
8418
6811
565
6466
897
3237
1029
9726
5700
3097
9978
5741
3001
4996
5750
8803
3850
7947
957
1984
7569
3432
486
6676
774
3013
4719
4600
5324
976
6119
3741
8866
6684
1285
9764
1000
2315
9489
6700
6491
544
3519
9492
5541
347
9373
9391
8294
329
1375
5862
4841
1861
3617
5615
5953
9415
1294
1276
1469
8492
5017
335
6255
7382
1177
7255
9697
665
5033
7266
2289
8552
7836
7830
9978
7209
7220
9350
8617
9674
5211
4536
2613
9907
1230
8566
399
3603
9842
1869
2094
5938
3283
8349
3319
4460
6682
4094
6204
1714
2438
8493
1344
273
6322
1321
8561
4621
670
8257
4294
6961
3871
6908
7946
5101
5473
8346
9783
6394
1293
1877
2331
4576
1304
6729
9036
7987
822
6318
779
4339
4811
2124
4612
2211
3445
4252
6832
5195
2508
2205
2155
6379
9113
1179
2559
5664
9525
2341
2057
1896
5297
5467
6472
7681
2195
6586
6746
4096
3983
7525
8435
8794
727
4126
2083
4173
8378
8916
446
1964
1120
3680
9422
1311
4859
1980
8054
5463
5401
111
7359
1776
6657
4910
9457
8853
2574
6202
2948
6557
4806
2462
6429
5533
6588
8513
784
6044
7428
1230
9087
9627
5989
8508
2016
848
1567
69
7390
8047
1259
4748
9823
7917
736
9280
6769
3311
6560
795
9868
1365
4336
6297
7978
2002
4809
8762
8046
3315
1071
7132
4020
7060
6719
6036
7908
9365
6105
5297
7411
8444
1124
7233
6360
1860
7591
3128
6250
4151
5002
6118
6595
9339
3493
4572
2419
9381
4413
465
2695
5484
8676
6715
2543
6473
3829
1530
5837
1012
7906
3247
9456
108
1559
6894
3048
9150
21
9298
4379
6103
5415
2053
6520
9987
7704
8939
9367
2116
482
2061
7600
237
9855
1222
6710
4762
3831
3626
6854
2815
6873
6309
4003
9511
3203
7051
8661
4303
6348
3039
1484
2842
6171
8004
2828
3875
8022
2195
5991
8504
5335
4670
9820
6269
6971
7609
1030
801
1234
7884
4695
9186
5272
8698
8697
9554
5748
8436
4935
3175
2553
6420
6017
8725
5502
8845
2599
3523
2118
8590
3106
7454
3259
4004
4801
1308
1612
5831
2109
2846
4794
7884
3111
1144
6581
1807
697
3408
242
5632
6583
2795
3130
3678
1519
8633
3601
5197
3234
5720
3787
7419
4252
8125
1423
9053
9434
3035
5962
2621
6961
1834
504
71
4057
8165
2957
4754
2651
4278
1465
312
8152
4595
3990
750
4306
7591
5947
8620
4389
812
6038
9720
8938
8540
9851
8371
2654
6892
2070
9615
9805
3654
764
3862
1818
4800
9695
5548
156
1159
5860
8308
6834
928
136
2218
9598
6084
837
3987
6896
6876
4785
6912
5415
4636
6361
9148
2606
8432
8762
2410
2085
604
6272
4982
6483
5967
529
6639
8205
7468
6026
6117
8396
6162
8336
9072
3324
9173
4137
1299
7127
8923
8211
3621
4637
4572
2768
7243
4082
2609
9653
7246
3213
7004
2227
775
4049
3835
7414
2253
1302
3439
9450
776
680
7785
9848
4004
6957
3985
5303
5163
3986
4593
8784
8623
243
1551
5865
4325
4160
6596
1570
8453
4678
4876
9228
8727
8711
7720
2059
1091
2238
1508
1867
2918
371
2793
6922
7328
7857
3304
3569
1842
7897
2352
1543
9219
4983
7408
4622
221
5083
6192
8674
9761
2146
8980
9567
856
7779
1625
1947
16
4212
4893
2934
4583
8765
934
2989
7701
5317
6559
9543
4292
9990
1086
3510
4972
9573
8132
5194
5734
5402
4946
6574
7548
3926
6140
8404
1704
8844
1429
2799
4134
7401
5733
8717
7245
7746
2784
4945
3063
421
5566
7355
411
7731
865
5383
8383
75
1655
4116
5478
6602
689
3025
1606
7908
2508
4389
7830
5016
7188
1963
3496
2920
1758
740
1744
4543
6764
4807
4964
3408
2162
5375
1139
4106
1837
9522
4181
3492
4716
9659
93
6485
3763
1699
4392
6271
7167
2222
2365
4354
5264
5861
8353
7023
7680
97
1565
4443
4904
7608
7852
8145
2983
8991
2250
5899
9591
6432
9391
5385
7169
563
1869
931
3341
7341
8281
508
641
646
4862
5905
6507
3215
2927
4187
4391
5571
9709
9295
3179
7560
7440
7241
7629
768
3139
8298
8279
3608
3683
5448
4171
6631
7458
8592
3971
6818
178
4612
8543
6119
517
6128
412
4523
1393
4803
94
1102
4098
3273
9741
2616
513
8449
4463
3652
6746
2742
8339
1507
9269
3589
8139
7805
2180
3188
4622
3437
7801
3164
9556
9397
371
9969
3919
1764
5850
4013
2866
1026
8365
2607
4721
8878
2134
9185
3608
9959
1926
1947
1466
2273
6615
683
77
8795
3871
5779
3310
2750
21
2865
2146
392
3912
7145
2157
841
2236
6102
1867
601
9788
6589
557
1921
5773
5245
1880
8778
7192
4425
2129
3806
5108
3285
3679
57
142
8068
2808
164
2011
6033
1635
7003
4256
4871
7844
6493
973
9711
8173
760
7378
8730
3761
4229
3974
5641
4085
2244
65
6214
7129
6252
578
1886
6309
720
9954
195
1963
1965
7308
3599
8968
2642
9549
6811
9135
521
7600
8386
2361
6057
7116
6122
285
2168
2841
4371
5492
3985
1663
2620
236
2241
4507
7624
4041
5539
8899
6004
7504
7285
681
7550
9927
230
5439
140
1830
4118
8526
5270
174
5641
2470
459
8889
5311
5909
4380
374
8652
7000
1689
1971
2585
392
6012
8125
369
3095
6707
7654
3776
5336
8659
5085
774
8799
7995
4892
7325
3264
5066
4044
5735
6605
2932
2124
3592
8391
3578
3322
6470
5267
5294
133
5659
2384
9337
6028
6558
6044
4760
1413
2458
3419
6498
3232
2217
5571
9204
620
8836
4269
4665
5649
1952
8676
8852
5545
8146
2429
8867
4615
7697
5239
4748
4434
8703
4085
1541
5260
1207
6301
6673
3665
9720
3171
7976
3016
9821
7179
3636
8656
2527
9380
5383
4479
9135
4235
1102
7280
7743
1048
2973
6518
7366
7721
952
6068
2884
2493
1328
5170
9873
8001
8835
671
2250
7890
3687
2071
5068
8402
1805
7595
7782
7189
3153
7995
2502
5334
6353
244
7461
9326
6763
4827
8125
8794
894
1009
1286
3301
7258
2237
2381
6093
2908
4631
3982
6595
7781
128
4997
9587
8803
3857
7854
3034
2930
1434
8368
9283
1678
6908
8608
9520
1734
7811
8313
3707
9899
677
7009
7157
3994
468
4328
6902
5099
9389
3497
3959
9517
9573
4624
9398
4508
3556
2431
8517
4990
799
7799
7747
8786
7485
7267
519
6374
6658
5305
6273
8415
3392
3429
2408
3860
8836
9310
38
8224
3885
3997
8819
4536
8621
8217
122
2176
647
8639
8245
2525
7516
5991
1310
6079
4336
2908
2453
994
8214
8726
487
1605
3233
3974
5466
2068
3283
6583
1370
8248
579
188
3862
278
8405
5064
3533
131
3702
1777
2656
2297
8847
3967
8376
3183
6875
1907
5256
6167
1711
5743
7773
4944
9717
4317
8091
4078
1978
539
3404
2557
728
7267
3914
211
2330
7447
342
7111
302
4078
486
9149
9124
9942
2331
7077
1848
8666
3244
3560
4408
2095
9583
4124
7491
8753
9282
9469
9292
2685
3104
1098
1030
7018
1310
4439
5543
2731
2629
6924
7888
3115
7151
7011
4135
561
4088
5984
9227
8411
622
3635
505
1283
8838
7996
35
8119
8543
9328
1883
1646
425
2913
8664
2814
8432
5285
6625
1060
2208
4512
5254
9359
1523
9390
9920
6690
6452
9147
5100
8153
3860
5605
9436
2697
4679
9472
1895
3221
9878
4857
4867
302
8849
4609
3117
7280
972
820
9419
3180
5332
4673
3617
7934
5141
4616
4623
2671
4841
801
823
9780
7485
258
2476
2163
808
5450
6463
685
306
2408
988
9156
7017
5184
7514
7989
7083
6933
2247
2414
1605
6944
348
7825
1559
6050
495
7479
6852
1318
7258
4336
2655
812
7579
4543
6263
4041
5228
7648
6450
7295
7882
4545
3557
6475
2534
639
3407
5860
4133
6091
2803
4481
3915
5441
530
4410
2919
8461
6807
176
2797
540
989
375
5083
8331
4416
1390
7057
1944
8685
6018
6490
3321
2492
102
5039
5899
5962
9172
3068
9845
3652
6983
5285
5262
2471
9284
3722
356
538
7598
896
2606
9052
7059
2015
4547
8449
9073
6491
8212
6169
2980
2611
8661
4161
7651
5638
1202
6822
8706
1046
1553
6767
7410
7894
9238
6693
1615
9594
7232
292
1568
9838
9344
8627
1853
3890
8154
2004
381
7445
8173
4440
1134
7912
8602
8785
4628
9804
6686
3333
1928
8239
99
9338
6132
415
7110
8826
8
5420
9118
2655
6336
9541
2361
9268
3430
514
1271
4890
9038
522
9331
172
9513
9011
35
4140
9893
6721
8552
1820
4959
9730
2236
2169
144
9346
2074
1231
5844
1191
3887
2180
731
6248
1447
5241
7841
3798
130
7958
4320
539
8130
4912
628
8165
130
520
5965
8683
3419
2002
8412
6735
4172
9636
7159
6246
866
3003
8516
5832
5183
326
3158
6630
5567
999
427
6776
8957
5827
8395
8165
738
9023
7408
868
622
3372
629
5120
5375
120
1854
9547
9756
9014
6871
1700
2016
5386
7533
7199
6791
690
4907
3436
2768
5335
212
1724
2240
9686
967
2978
8708
8376
4925
408
1747
6634
5529
7122
6754
7383
7747
6509
7475
5696
9288
9491
2161
6820
7768
8952
8590
3754
2388
1357
9089
3679
4161
2407
3364
5128
6464
3150
4582
1388
3559
6330
8022
9088
4530
5854
7549
3356
3441
5024
9052
2729
5593
1212
627
3361
1243
9217
7115
4710
1653
7282
8389
6893
9689
2831
3099
6152
5981
7682
8619
9540
5090
7720
8627
9620
3573
6176
4054
7015
2278
4185
9744
7871
6476
370
2310
7719
666
9425
2428
3398
7785
1895
290
8552
4726
3389
5782
707
1070
4401
246
7239
3199
9953
7938
7851
7207
1991
4865
9485
6176
5687
7355
2652
7137
9666
1449
8882
168
3878
2279
7954
5773
2569
7584
499
7037
3366
1206
9187
8846
2531
6425
2044
2483
4362
9895
9690
7433
5839
252
3608
1525
7608
7339
9741
7273
8789
8622
8520
3745
900
6473
9518
4548
5136
1095
1585
8502
3380
1850
7347
6991
8275
469
9474
3716
1442
242
1148
7281
494
4756
9886
9181
3174
704
7532
1962
9327
6052
6786
1305
3603
6303
6933
8739
8478
9597
7240
2936
1446
5665
9927
9721
7213
479
3436
8656
1800
4584
7015
3373
419
7979
2554
4672
8684
1164
7713
9089
7216
4498
1472
819
1879
8405
9558
356
9080
7877
4372
525
4620
4298
1325
1833
4777
4761
1567
7656
424
9661
1029
1922
7640
4662
6594
7402
5826
4306
6490
3042
8804
9041
4940
1761
7446
4497
2118
6525
3452
7569
8130
8073
1866
9455
984
7723
5294
3630
5378
5718
3290
7486
8719
929
2147
5312
9410
7974
696
5899
2094
578
6019
7034
2340
3464
1530
5537
1067
6062
3105
275
5213
6050
9730
6197
3772
5024
905
229
1820
4195
7715
539
6204
9863
6930
5613
8915
7627
2591
1008
9284
8610
8042
2702
3152
650
8239
5298
7791
2422
5574
3003
9552
6382
278
3323
1405
1183
4631
4305
6458
3425
4844
2661
4366
1773
9353
3280
478
1943
5367
841
1631
3408
3543
5862
5137
2861
1160
2928
6362
7813
5931
5913
4194
7289
315
6679
8472
4946
983
4929
8371
5827
8669
2736
8679
8022
7095
236
1043
2461
2156
3754
6948
5699
9616
3164
9639
775
6092
7080
8588
3101
2992
3861
389
4386
539
9941
9333
1522
4869
8782
8428
4617
2597
8185
2638
770
8421
4760
4311
576
8514
1258
7355
8130
4422
8072
9984
1592
5151
9651
4694
8144
3511
6162
3608
5129
6102
4019
6651
971
2801
6157
5588
6477
4341
9305
8326
3841
4064
2636
5496
3657
3895
2850
2865
9396
2001
2848
988
7152
3577
6761
6374
7088
2922
9983
3295
103
4001
1024
1074
7881
7181
7741
5436
1522
8124
3762
6442
3266
6398
1937
6923
1371
5867
866
1846
7868
3715
3913
5019
7292
673
2472
5459
4674
2454
9833
4777
7534
857
6930
5415
8038
5749
1929
638
3872
5691
7080
8218
3168
96
6219
5618
5963
7086
7464
3830
1879
2455
9928
249
4207
2399
6787
8882
5932
6620
4737
3466
7477
1667
9960
6593
8495
2967
7232
3446
9738
5390
1663
2905
5486
8961
9602
1448
6046
8145
6357
9004
599
6285
9254
4807
9763
7119
4767
6774
3738
9504
1318
2293
2249
2356
8887
744
5323
6118
4190
5060
2586
6932
9044
9152
5892
8646
1678
3017
7869
8036
2020
8468
5399
2352
4353
5161
9472
9120
1934
3209
9703
3252
5503
1951
5608
5468
2695
2010
2664
7964
7070
5250
4895
6114
4401
787
5838
6080
4883
3706
5194
6903
3252
592
9256
8685
6832
8727
7804
9846
3014
7506
4176
9596
536
863
5063
4310
2873
7727
2274
1021
4056
8248
8214
8457
113
4051
5615
4996
8836
808
1899
3167
2479
2233
1851
9312
2038
9655
235
6131
8240
4411
5727
9855
5274
1868
4164
9226
674
7517
247
4730
5765
8461
4265
6957
3591
959
1953
2426
2846
4931
6672
5326
7164
8523
5716
280
9257
5951
6411
8575
1440
3216
8429
6715
5085
3671
7019
5759
1188
7266
1567
8032
6806
5832
4988
396
6791
6941
3901
9638
1871
573
6042
113
9096
1757
393
8352
8787
7884
8005
226
1099
6433
8020
7263
104
5039
4100
1292
3383
5667
402
188
2578
5390
584
447
2331
5565
1163
5281
6138
7205
6474
5233
40
7946
4664
8827
5829
2668
132
8008
180
9231
5270
284
5348
449
2655
8732
6116
3057
8920
9773
8447
583
220
1856
6148
1383
8217
2285
9668
4690
8597
786
2635
4339
692
8465
8087
824
7551
8267
1133
3899
9630
6482
4348
3363
5213
1543
7499
5211
1315
7024
6873
2614
8881
3020
5077
7097
6384
4744
1786
6060
6609
5500
1477
7301
5043
9564
9204
2593
8909
337
6493
8538
6819
840
1900
2031
2383
477
7242
4778
7502
5194
7392
7461
8214
3547
4557
5677
9370
7422
2815
5979
4000
4292
3279
9044
4935
2483
1636
3843
2820
9208
2381
9639
1127
5360
2748
4589
5838
1068
9367
3339
6262
7838
1878
5555
1384
6435
1231
754
4935
5125
6733
8935
495
1090
9057
5430
3573
693
9274
7472
979
2733
8189
2106
8093
936
6696
5009
2005
7141
9427
9346
4978
1304
4900
7442
8818
7210
8196
4831
2334
6007
3766
2830
8176
2822
8260
1749
4594
8612
299
6653
1344
8489
8759
516
503
6533
6604
2508
3674
6031
1854
8652
8414
7833
6093
7232
5043
5367
2062
7377
2452
6907
1285
628
808
624
3456
6481
314
3755
3133
1659
3322
2971
3254
3826
9504
9858
7413
3177
6967
345
2908
5381
8179
79
2612
3221
6526
5753
1676
8978
2660
4041
684
4547
4665
4140
1027
4979
8975
5240
7717
3375
8211
970
7201
7714
1907
5693
1970
8874
6038
4878
4254
5295
6036
7945
8516
2561
3698
1271
2618
7437
5312
3302
3062
1055
8522
4089
7113
7496
9329
5909
1949
8618
7958
229
7411
9865
5922
9381
8739
3038
5337
4071
8334
1372
2016
7928
5013
6793
9199
7631
5308
5589
2011
8370
7723
532
3537
4836
8028
3945
744
1056
2562
8702
1285
9973
9646
7207
9353
9463
1323
5768
3533
9657
7141
6628
8664
3232
4499
8941
862
9807
5609
2873
9255
3331
4485
2792
8167
3591
6737
9990
4647
377
9771
5932
1429
9416
4217
1860
9957
5541
7629
4568
6276
5848
1196
4939
9080
5695
4959
1020
6581
567
4972
5835
3898
9457
9706
3144
3048
7521
4212
7695
8978
5061
3627
406
4476
7844
2266
5511
4463
973
79
739
6821
2354
6757
6979
8049
2794
7999
5708
3361
4050
2622
8339
3506
3406
2561
7633
927
7852
5328
983
2913
33
1389
8468
8956
4734
3979
3419
5708
4058
5237
2528
6412
3072
586
5539
5867
8585
2326
306
3713
4948
9724
7220
9433
2284
5931
1438
136
1258
2421
3049
2370
3810
2595
1326
9624
6574
5824
5331
1710
2139
8938
8122
6290
9524
4740
2156
9188
7066
3542
2900
3092
3265
1198
2524
6629
7130
5042
7844
8388
7463
1971
1837
2352
4566
4242
1975
1140
1144
7306
2850
4362
6243
2051
651
5767
7870
3887
4954
6014
7429
8933
9106
693
131
2708
8401
7261
7750
6244
6727
6292
8215
8564
8644
3860
3884
618
5000
5028
7924
8929
9390
5245
2058
41
1011
9928
3928
7044
5941
1356
7056
6125
3128
7187
8834
1529
4447
7662
8852
2252
3953
8146
1895
2596
2005
5779
4293
7005
807
2216
7012
196
7462
9071
1316
9552
8998
6323
7675
6018
7679
4730
2142
1886
2995
2054
4494
8521
9717
3345
772
4748
2569
2667
8424
4574
8447
2716
2657
332
6012
9670
1607
4552
8740
2924
5182
8816
9247
3935
4833
8005
9744
8055
969
2738
108
5463
1258
903
9887
3110
6731
2456
5777
5154
8109
5302
8949
766
5634
6039
435
8321
590
253
1244
6852
147
1569
786
6060
652
530
4114
1621
3268
4222
8163
5606
6205
9129
8716
2935
1584
5571
9168
9693
873
9195
1537
7586
5234
1972
5906
6903
3304
8229
3754
3452
9799
4541
9512
450
6150
4704
3151
9418
4
1313
5023
6209
441
4817
222
3104
388
9390
3876
1261
9664
5413
9926
4897
8465
5832
2878
1768
4060
6633
5220
4937
2252
5810
6467
8402
513
9618
7819
1597
930
3921
7806
2451
9817
9108
5555
204
9576
9431
2544
9239
5923
2470
5214
4387
9381
8093
6155
3440
4725
2454
9457
6977
9343
5923
5378
935
6619
4275
2532
7549
9275
1416
1078
9092
523
6634
9296
99
7143
1840
9338
3065
4310
4552
8531
3690
2644
5765
8209
8448
8219
8744
6503
8640
5745
1880
9575
2363
7234
2106
991
6509
3523
2069
5600
5125
8703
5974
5224
6925
8893
5641
1068
3202
192
9600
7971
3915
5364
7259
3441
4661
7081
9944
4379
2826
2902
3954
5189
135
7139
7259
6644
1740
9329
3322
6866
9110
375
3168
7113
9268
8809
8182
3549
79
7781
1519
5073
4223
9857
8514
9963
6938
9536
4341
842
2437
8295
6031
2573
6513
4369
295
8253
3697
3618
6197
3885
3993
9366
998
3260
8174
9180
6809
9333
8039
9408
4405
3340
342
2919
3302
7280
2454
7643
8122
4892
7017
5232
8544
3529
9601
8839
2860
4376
3535
136
8261
7528
9502
337
1867
8754
9517
9755
8086
8634
240
2491
1973
583
6489
5275
8942
21
3997
8143
5992
2092
4453
4535
5621
5132
3374
9560
9508
6909
9696
8847
5516
275
9185
8462
9030
9780
8216
7115
8414
9536
9606
1465
1197
7173
6741
138
7195
1816
9360
3186
3908
3812
8801
607
22
2174
166
9530
161
941
9456
6756
1216
9719
5217
245
576
4512
8440
68
4047
9124
1534
5244
6297
9354
6461
4570
1169
5821
7756
6156
711
6556
6763
734
9809
8008
1342
1049
8949
1876
7805
1244
2673
4101
2568
3250
8613
1007
4397
3738
1210
5931
60
8586
6363
7600
3155
8611
4499
1989
4766
5211
8546
1528
7024
9433
615
9445
481
9564
1321
9366
1886
3994
3466
4455
8323
3157
6541
2720
6895
8830
9730
8034
7415
6093
5633
569
4703
132
2559
9470
6422
2183
2076
3445
1615
2691
2889
3176
3334
5289
2541
5220
362
7086
753
8685
242
8374
1404
8216
7203
1134
6249
4618
8306
1881
6266
3008
3092
8825
3556
9514
2086
5633
2958
4781
9403
6927
9036
2736
2215
2655
9036
2577
9741
867
2341
1061
9241
3745
9277
7523
5958
5525
3219
4263
8485
9485
7272
2656
9389
1906
2169
2553
7539
6207
7334
6942
3133
6369
756
6427
9024
870
83
9843
1738
2424
903
2057
7248
179
9580
3206
6783
3877
8548
6347
3362
6898
9003
3829
8805
2250
6382
7422
8457
4795
4363
2668
2242
6199
174
2345
7069
257
2187
8807
2681
3091
1943
1007
4349
1522
4213
1132
5400
3840
8558
9841
737
8639
4748
620
888
2208
8043
424
7003
3484
3092
9246
9683
3266
1590
7831
4602
4856
7716
8362
7947
9659
9370
2296
1181
4661
4507
7660
8501
4143
8579
317
2781
4405
937
4748
6613
58
5172
4695
3543
8265
5019
4304
2609
6609
2134
8291
2543
9851
6652
490
9509
6021
3865
1768
1761
9451
506
261
4672
163
1657
7453
4568
3674
2200
1181
3732
7373
5876
7275
6716
894
2658
403
8582
4792
9773
1124
5721
6425
2693
5230
3524
7637
8077
5285
8166
8584
6626
2837
9826
8283
1368
4394
3035
3569
5575
6768
2020
2529
5121
9815
4502
7779
1296
3083
3650
1069
5286
9371
7494
9059
4600
2096
6695
3756
7382
5940
3418
5086
8777
3243
4447
145
7637
7483
4793
4290
4250
7892
6819
9371
8785
2399
8229
80
6561
1878
1149
1847
1248
9722
1984
6928
2897
9758
683
278
5697
4101
6443
5553
7344
889
6777
6060
8372
2648
349
2621
539
8248
3071
9324
646
1299
482
7208
3177
2711
133
5504
2432
2117
2431
5329
2953
3114
6686
8651
8294
3128
5282
6717
4018
2058
2776
2389
4706
3125
6090
6324
2451
239
6726
3098
1538
7208
1384
5794
9919
2596
2376
3430
5792
4808
9838
8745
9001
6524
8474
8374
730
3755
5090
5827
6892
7866
9296
2676
2069
5385
9000
4521
5624
5725
7619
8241
4012
81
5113
5009
2677
7489
8439
9548
3375
8277
8292
2376
5879
6766
749
6609
1599
5839
2436
8492
4783
1731
1167
6852
8195
1246
1372
4897
8050
69
3137
2061
150
9329
7071
3906
6817
6588
3453
192
4864
2824
3647
742
668
5475
8431
2267
1313
1945
1837
7175
4755
3005
4026
2949
5330
5399
7846
3379
5468
2061
6520
6698
1389
4669
1682
9285
1256
6215
555
6121
9039
4202
7942
9707
9677
7451
3052
2068
9396
4890
9243
5229
8974
3269
9257
4303
9747
7102
8761
6293
241
5280
4069
2709
9949
5752
1994
2284
1966
3628
9484
1004
7831
7425
1789
8586
5955
4841
1733
6429
809
975
1658
9783
5323
914
5164
6148
9096
3925
2441
415
283
6510
3125
1311
3340
6198
3595
5306
904
3078
7389
8735
1581
9178
8400
7536
5098
132
3965
5907
2186
6702
6769
7510
8695
1932
4736
8869
6936
8256
9285
7220
4766
3488
8531
8106
764
3204
4491
1668
6282
1879
1482
7863
2136
9882
6478
7234
1092
1521
4219
3278
8223
987
1866
7996
3999
6603
6865
2013
4858
6149
9233
702
715
8842
9888
1479
3124
4378
4226
9406
7336
5708
8348
9472
6668
4825
7784
7760
6346
2003
1038
5647
2990
2904
3642
8068
585
506
81
6523
7734
392
7225
8449
313
8191
9928
3437
2568
4154
3922
983
940
2269
454
7609
7094
9318
5368
3439
1320
7485
9086
5389
1468
3806
3457
2053
4313
4617
9655
2046
5009
6880
495
6401
5070
1501
9839
8718
6734
3760
9701
7675
6029
1233
6362
4201
550
2808
8719
2949
293
7804
8339
2840
1609
2874
5972
7001
7491
5627
9048
3578
2506
621
9980
8655
2122
896
7372
9936
5735
8151
7610
2842
463
5050
7043
2092
7858
5761
6121
9230
4643
4459
2069
7331
8412
8042
4332
6981
3668
4458
1637
7253
6158
2695
5907
9359
3591
4358
9294
404
3587
7982
3246
5129
3031
1367
8301
889
7128
4421
118
2849
9959
2188
1259
9449
1308
6670
6429
6055
1127
8066
3307
8364
1840
292
7722
5431
5729
7016
5836
395
4997
160
5524
9108
1528
4903
1075
9735
9324
1193
2584
360
4460
4922
9809
6847
1591
6237
2901
3797
5382
7287
2160
7222
7580
9882
3731
4387
6897
645
4782
2973
806
1385
3159
2334
6288
4234
3147
6691
5427
6810
7051
966
1731
6860
7813
3322
4175
714
7119
9557
8001
9279
7857
6659
239
1588
1046
8215
2233
6907
1187
3039
9371
4346
6452
6738
8580
9600
3428
5086
6409
1557
7131
9220
8417
4943
2541
3671
6736
739
3227
5816
17
1084
3553
1335
3751
5678
9551
5984
3664
1816
102
3034
6163
7633
9772
5821
8311
4278
1985
5799
5836
9116
5018
5331
5138
8638
9002
2952
9377
3308
9847
473
4392
3400
1808
9222
156
1358
5205
3820
3175
6386
6855
416
4019
6626
7316
3408
1983
9302
9207
7819
9496
4224
4228
5712
2862
3230
8665
2238
6538
9590
3790
2008
2989
5599
1229
3146
6957
7513
6966
1210
3899
4899
2705
8997
2604
21
2404
4587
401
2690
3484
9897
6914
7712
6688
854
941
6431
4172
8558
6020
7962
565
88
4639
2873
3234
2675
1465
1278
3885
6443
7257
6591
5439
9861
7691
8922
5526
8092
1611
9010
9067
9605
6721
5754
1537
8742
2184
5709
8378
9284
4750
8944
9372
9389
2895
2605
2063
4360
4962
7028
802
2218
4697
7320
3157
2387
7321
8683
478
8932
7692
623
9615
5492
6378
1152
4233
9641
7940
2610
8924
2689
2632
8295
3157
6607
1978
6299
2045
8020
3326
2848
237
9102
1246
3395
1488
8567
3156
3045
8578
848
3669
8192
6340
1125
422
1651
765
8363
5340
768
2130
7973
9063
5287
5658
2120
1586
7703
139
5991
550
1455
5093
2876
5929
6581
2521
9086
9627
1098
9934
4374
369
7352
5499
791
9003
7343
9154
4342
8111
2363
3393
8253
7650
9051
372
9236
6754
1590
5227
8383
3045
319
1258
8975
7979
3780
8060
8684
5957
9072
3057
6326
6423
9635
8197
6504
6978
8429
1924
6167
791
5318
4419
8442
5447
5870
8756
2200
7460
3982
583
505
5380
2920
558
4438
7779
9697
3121
3736
8768
7258
1140
6269
7971
9337
3851
4948
7766
5775
1115
8557
1092
6613
8077
6540
2483
6833
9819
9943
1893
1480
1526
7274
5480
2084
2790
3258
1780
5911
8073
1626
4247
292
7895
2218
9629
2824
8245
8473
8600
438
8109
770
7052
6185
8389
613
4096
8208
555
5990
766
2082
4342
6246
5245
7132
9505
7026
4121
8656
9731
9448
8948
7626
2744
9656
1528
988
8128
127
2506
7315
898
636
4579
9287
1249
8675
8573
2883
4664
9340
4965
84
5585
1289
7216
6168
8315
2416
5903
8045
1863
4850
6749
4607
5584
9357
6674
3712
9484
9180
2105
1460
894
6684
1826
2143
5359
398
5027
1101
816
1070
1186
7481
2359
9481
4727
1752
1896
629
876
4838
6559
8704
9445
2142
8060
7198
6933
8623
6377
9039
82
7272
5722
1908
493
1080
3386
6599
3261
4202
7670
4447
1682
1107
3927
7489
3939
6903
8118
5894
1740
5755
5676
2264
7898
3736
9462
4830
3437
6917
4947
3519
5267
669
5428
5761
2828
8814
2359
6089
4094
1107
535
6856
3294
5542
4344
8312
2444
3540
4205
5263
9296
9881
7527
7193
4695
6988
3101
8132
3905
8049
1651
9172
9797
8158
6011
2624
8050
8371
9793
2143
556
1406
8999
4929
6948
4421
3240
470
7962
7445
5734
7257
8405
3260
4449
3099
248
8629
2310
5232
7756
5040
4403
7552
3197
1493
1255
2325
9864
1047
4468
1498
3532
4546
6428
480
8967
746
2029
6928
8192
7763
5263
7675
2102
790
773
3429
9420
4162
8661
7175
9202
4142
5806
3477
5635
8140
6881
6577
265
2428
8076
3797
6974
5582
4277
7019
6328
7386
5026
5598
5148
288
3272
8329
1079
5125
1757
1577
9287
417
9831
9568
4560
5636
3044
194
4854
9926
7851
5119
2353
7005
8917
405
2586
4272
8503
9993
1657
3528
5591
7885
4896
9942
6213
7054
5066
7971
8631
4353
9467
8461
4999
4026
5176
9122
5300
1108
125
3150
6228
3557
154
5144
3962
3819
9416
3544
3811
2152
8151
480
36
3046
422
7328
99
5488
5298
9809
919
4765
9349
5918
9870
5603
6119
6248
6711
6244
9398
2938
9802
630
8082
4842
5528
8577
8386
418
728
6537
898
1843
9583
2399
9171
761
8967
5548
569
964
1391
996
7962
1260
6599
4080
7509
3310
323
7985
6248
124
9695
5409
4967
5222
5064
3352
6719
6871
967
7618
9793
550
1095
8963
2390
61
5589
4038
1026
6980
5035
8988
9320
1633
3067
7907
4943
3390
6970
2270
4594
6664
8758
639
2965
3821
3991
762
1770
6038
9459
1562
6588
554
1603
56
615
7193
4094
2720
5251
9129
2786
4570
762
5853
3555
6784
322
525
9054
5995
8268
8890
6634
1232
3789
1703
3074
5559
7741
2532
7121
5407
3086
8725
5463
4781
6996
9558
7501
2246
9765
287
6817
526
7219
1450
8390
8620
1975
8522
4614
243
7412
2326
2554
1200
4030
5628
6760
1770
8161
4959
7178
2325
3683
2640
7106
678
3276
5686
2925
3041
7052
820
4646
5349
3349
3035
3969
5325
1557
9662
5568
8969
1988
9201
1247
6018
5908
9086
8867
4068
4045
6044
6393
8807
9764
4578
9486
3039
263
3489
7159
8394
5388
1805
3742
8737
4840
7711
5140
7476
8452
1786
7523
439
987
8771
7536
6895
8935
6402
2041
2979
3525
8434
1786
4367
4090
2350
8485
4353
6918
5644
3825
2305
8528
7568
2120
4446
6357
7261
1922
4808
9047
523
6326
1112
372
4940
8007
9308
2421
47
2286
5946
9561
5151
1391
4729
7501
9876
161
4418
6598
3986
7802
5125
1553
9923
9572
7911
8262
2572
3797
8387
3095
123
9500
3468
5063
7506
2775
8563
8633
5061
5587
9272
1291
6978
4000
8792
6854
4161
4289
3451
8148
2090
9656
9701
3091
9227
8690
1352
1798
2487
9740
4893
2610
317
9440
8752
7823
2214
8394
7534
8355
3980
6805
9646
958
805
8437
8891
6045
2725
3420
4192
5895
3075
4972
8986
3380
3661
1417
5178
6148
2235
1150
9837
2552
589
9668
1453
3883
8061
66
2237
2040
6871
1882
4077
8755
1397
4046
4800
5202
7467
8992
1096
1620
5042
1160
5001
8704
3656
1257
4851
6970
2407
4688
600
4076
5434
2054
7959
3494
2120
195
5534
69
3156
690
8825
4553
4736
4703
833
2202
4773
3008
3823
9816
4169
9903
8519
8904
1159
4448
5874
4646
214
6474
9801
5648
9607
7759
9142
2805
9033
5755
2875
3267
6445
2778
7820
1180
7481
9733
4462
3332
2740
9364
3147
6909
9266
2744
6892
424
7193
2765
6149
7407
317
5949
3055
9925
4786
3275
2729
3818
9030
6683
7085
5474
9461
5984
6655
8020
5716
2195
1352
8456
1558
4499
6444
823
7244
3335
2326
5515
7179
8476
2921
7496
5503
7055
8499
289
330
1228
5186
9360
7911
3350
5913
8451
412
3646
6470
7207
5841
7822
6741
7399
3400
4263
8222
1722
8677
1626
7237
5855
1180
1236
4430
6684
8292
2928
8052
9701
4156
4316
138
3146
7666
6051
1596
9157
9697
9145
6363
6616
6967
3104
4014
1445
8446
3314
4246
7123
4941
1482
2977
6121
3797
7407
3883
3167
1414
1934
2867
6649
7330
3006
9795
6074
9057
2469
5231
9833
1614
2672
7527
9660
6855
1541
2183
5301
5934
6429
2423
874
8990
6479
8075
2786
4965
3036
5954
6379
6050
8821
3027
3379
2905
3901
9453
3041
7449
5762
2873
9063
8435
399
9801
5289
3019
1983
1668
8954
8412
4091
906
8480
1649
59
1266
6614
3096
8299
4071
9146
7119
7098
3603
24
2077
3055
4144
9527
9897
7017
9668
8331
8495
547
4698
2593
2530
7446
2625
2021
2615
4610
1579
4264
4670
2845
877
8845
1143
4948
9069
9342
3125
2671
444
6281
6805
4588
5807
6701
2683
6554
6110
2256
7101
1887
5928
709
9333
8553
3809
1947
3163
5389
6212
8912
8234
8168
8835
456
4195
7903
9798
7320
1652
1320
3600
8457
5908
486
6237
9670
7040
3425
1925
5219
5312
7854
5928
5723
7485
9738
8750
1726
6205
4961
637
5517
4207
9472
5973
8402
8453
6849
6800
104
8169
400
8562
5155
1965
5877
5903
9005
9302
8908
5302
5693
7840
1229
2494
5324
2045
1243
7051
9329
7283
8767
4846
1490
9318
818
9892
7770
8747
7771
7875
7994
8171
7515
4228
135
4470
130
218
4850
9038
5520
542
6877
7828
3037
3280
952
5359
1409
280
2642
175
5126
4132
571
7024
5102
8342
5770
2872
7295
3763
2121
5888
7991
3335
1436
8122
3553
6286
8238
151
7908
6194
9059
2023
9474
10
7382
882
1369
23
2136
7575
4155
2708
4598
336
2128
367
4287
501
5209
6409
7468
3200
9744
8904
2400
4376
5189
637
5606
4175
7910
4664
6198
7383
5753
3580
9344
8202
3603
2559
5776
8838
6346
373
252
8474
1819
4539
53
7028
947
7521
227
1770
7503
3706
6146
3770
4344
2830
7946
3332
7495
4143
715
4326
7723
1137
2527
2405
3696
9382
2321
41
9755
2573
9594
1573
7112
725
9681
9139
8246
9908
908
6827
3614
8133
597
9037
2041
8543
2368
614
3764
4162
4941
2566
6379
8547
4971
74
7929
7292
1195
8762
943
1867
1414
8055
2593
1094
8272
1917
1001
9180
8745
5694
8391
420
5809
432
8963
8178
1046
3805
3418
7066
6371
9797
5613
1341
950
4620
9712
3224
3381
654
5091
4795
9789
7684
5889
8060
680
7970
7240
9425
4742
6709
9845
551
8220
9886
9808
9267
3690
3225
7411
61
4101
4102
2481
6130
8722
2193
9354
3182
3926
4444
7977
3714
3207
4945
1774
4966
2914
92
4390
7656
7880
5313
9286
6100
6277
9093
6445
9967
3397
3855
1106
8577
7958
3588
4706
7758
6860
4059
939
1864
9582
9996
5579
3867
4940
8432
8833
8933
8524
3222
7667
6403
9614
6953
3581
5890
6045
25
6936
520
4960
8042
9097
2917
2708
3802
1753
646
7861
2693
2511
8522
2688
8090
2388
7628
6521
1221
7639
6123
5522
5305
3604
6215
2257
7186
2104
9382
7211
9040
9902
2170
8161
8999
6166
868
3879
7920
2594
2819
1691
5105
1340
4379
4273
4807
3085
1872
6028
723
7995
2629
6028
2677
8844
9365
9863
2026
8746
8153
1066
8647
1401
305
8724
8647
2252
2603
7645
4846
5422
9336
9951
7841
3714
4223
2647
7878
6095
9755
9680
5168
2383
5707
7846
2305
5071
8787
4331
4895
8018
6476
3542
9420
6781
3344
9145
9034
5947
6789
3879
2447
6124
4909
287
916
210
4014
8794
7385
3768
9552
2552
6151
5258
1476
8456
1408
1342
3865
7382
9360
341
923
9858
7122
5347
9002
6155
1293
5790
1113
4820
2992
7101
6186
3908
7311
199
3780
4695
3967
3331
8327
1196
9669
881
730
2155
2223
4596
9537
2662
4937
1539
2519
2058
6886
1521
9293
9258
8390
1484
4077
1382
8585
263
5290
5895
462
149
1669
5509
3480
9996
6705
4227
876
7436
6382
4179
2031
6998
6841
8047
8537
9360
104
5422
1959
475
4679
349
1959
9836
1731
1622
98
8100
8597
1639
8249
265
7148
2808
1339
3853
7035
3294
2367
4496
7473
5477
1493
4313
3523
29
4752
4706
6530
7790
5182
2287
8139
8220
2122
948
9843
2220
127
9518
3860
8376
9783
2086
2262
2200
5939
9298
5494
8306
4872
2967
4861
6365
8359
8384
6394
4189
3090
4002
1979
8272
6289
1196
7570
8412
2145
8491
1710
2272
8008
6649
1726
8869
8736
3989
1068
5753
4365
6563
5138
9237
608
9999
6680
45
8383
4152
5314
2551
8154
7293
822
5521
8489
9471
5011
1712
7962
6722
5063
5969
4449
6790
5917
4263
1857
6985
1095
7301
4626
6233
7616
6313
7310
4295
7438
6771
8447
2751
9322
6600
1122
1222
2120
689
693
7132
2402
9734
4932
8544
6781
459
5333
2697
4723
8269
9683
5818
5569
5387
3129
3184
1700
1517
7479
9138
8289
5925
1888
8689
3603
4089
990
6803
4778
1683
5013
8259
2495
1023
6803
9276
1482
2135
1973
7284
1483
2734
4180
7052
8121
8388
1315
9821
9906
8794
36
9273
5798
3003
7961
479
7092
8951
8361
1870
1712
3373
128
4207
5475
6931
4562
8037
145
6535
5320
1628
9269
579
9759
7389
8967
1073
8289
9951
946
9404
9223
6744
2407
8263
8302
9499
8292
6663
2447
1083
1114
3655
5290
6590
1664
9852
5705
1809
7465
1024
4516
6733
2682
5354
5201
1649
6427
4568
2678
7373
3971
1901
5195
6378
1242
4576
6956
9534
1238
481
616
3431
4136
6986
1099
5801
7916
6804
8689
6460
8908
3205
3192
1589
8559
9472
4317
6064
5118
6996
4516
9090
9976
789
6546
1217
5365
3501
1829
7682
5062
3525
2192
9198
1589
3291
4998
583
1174
3687
7043
81
7971
1314
1670
6529
785
5988
3671
5904
4062
8187
6072
4037
8977
2617
6333
5420
7198
9241
3102
2259
2765
5294
1456
5433
8585
7534
6017
837
2299
3059
918
269
4373
3668
7877
6238
734
1547
3220
4796
9735
9292
9912
9790
2987
6244
5209
1263
5484
8311
3522
9329
4683
6058
4761
4347
4670
777
5184
6969
4916
6103
7238
9289
849
5114
6605
1583
7740
9825
7458
7474
194
7369
8342
3182
3612
3551
5524
174
2940
9047
9503
7624
6183
4264
3049
852
6120
8233
8900
1035
5414
6137
1403
6263
2329
8008
7846
68
8912
6382
8622
184
3750
6963
4445
7362
1592
9970
8616
5612
94
8118
4314
6277
3460
7363
8208
9581
5595
7107
1694
2088
4322
3097
8351
7730
2184
7276
7798
2174
3657
7498
2358
8487
4461
6804
6927
7132
7852
5542
2743
7946
4739
7057
4222
8199
5498
3508
8858
2172
1693
552
4260
6015
4728
3689
3744
6912
2043
2620
9086
6780
118
2523
5266
5658
405
2192
2789
8257
7735
6612
6202
3552
4747
1502
1750
245
5010
608
3496
7782
2239
7756
3796
6967
2523
8619
3879
4567
2317
4043
1346
3514
7645
7691
9172
8050
9883
3040
6306
8696
730
2507
2247
5477
5088
5077
6801
1176
6764
296
8958
9003
9131
3832
5969
2733
3529
926
7300
5847
4970
9725
9361
3693
8494
8533
1743
9455
2651
8049
8151
3381
1635
1476
9937
7802
6553
6738
8979
3316
8113
7936
3397
8323
1768
9367
1055
5297
1371
9434
2222
6341
236
1583
34
8730
1194
2856
8184
4924
904
7413
8305
3618
8890
8241
1420
6521
6057
398
916
5249
9413
4313
4650
2259
4758
5705
7557
6130
6217
857
3549
6453
2440
4662
5182
4713
7518
4444
9637
9502
1857
7941
4198
746
7261
5618
8346
4396
7095
9262
723
7587
4654
5373
9846
9412
2156
8481
6620
9452
9339
169
5904
2857
4831
2164
7571
3428
6609
7207
2929
8466
6227
7127
290
4566
3824
8636
8962
1997
8977
764
9584
3630
7216
508
4120
9373
8989
740
8824
9406
1988
5807
2263
6819
7971
9834
1325
5658
7040
4254
4123
4345
2460
4413
8911
7363
4128
8952
438
3104
9716
22
7813
6931
1609
3011
7382
597
3751
7285
3
6818
3091
2266
3637
2140
3178
6041
7799
1296
1374
3000
5642
3834
7414
4552
2275
2620
3503
2713
5724
4297
3814
4615
2307
5423
7626
9689
7100
2456
8052
8182
9274
1142
1526
3989
4362
5783
30
3239
7079
1404
6239
2720
6317
3652
8352
9671
6272
2933
3462
3074
7231
7277
8768
9538
3778
7473
304
1956
1007
8357
1216
280
577
3821
5349
4939
9604
6458
8178
6683
8941
4417
481
6336
9148
9912
6006
6499
2845
9468
651
1154
7823
498
1770
2680
7971
2074
5715
8978
1509
6932
336
2087
752
5685
7026
356
3221
6283
8118
2161
1778
9678
8497
2004
9590
5581
8503
2434
5049
233
4667
3950
731
6437
6630
8702
9590
2345
8758
1099
9277
9094
3186
1107
5858
1290
2542
9079
8652
1738
2319
429
1416
815
2434
1005
6397
2015
4518
2524
2248
9185
6474
2979
6700
4183
2759
6289
6528
1516
7388
6883
610
1652
9069
6468
2943
1611
6625
2673
4428
8944
3103
5844
838
6616
7928
8314
8631
2445
837
1958
2708
8390
4937
486
2572
8776
7855
178
291
6321
8140
1980
7974
7209
9527
1995
9899
6152
4668
4326
5095
8850
1249
5933
6544
9177
4246
5175
2701
6162
8212
6488
5631
4227
6975
8203
3002
5908
9461
3294
2228
7600
6353
1280
5887
5880
3275
5785
2031
9023
1190
8205
8951
2439
5217
5495
2694
541
1748
5395
6704
9960
1883
2334
4186
9937
1615
8268
5844
2154
2640
9151
833
8993
431
6720
4872
4785
3584
6903
4886
5853
6187
3837
8292
1403
410
985
1944
2158
7460
9727
3196
421
3139
7382
357
5834
5649
7280
7988
9368
6430
9900
8361
6861
7699
3232
2725
1282
1214
7611
8214
8480
1447
7584
9883
1857
8569
2905
5094
7107
2632
8290
7528
6850
6751
7885
2683
3478
6243
1750
2846
2673
1649
1206
612
9348
5517
3337
1708
6731
948
9922
5210
3474
7505
6171
5332
7153
9077
1504
5338
2787
9795
2866
9637
6545
1829
2320
22
8073
4070
2868
1824
6798
5153
2436
6146
670
6853
8933
8480
7801
9934
4769
2353
8517
939
7685
6748
1094
9190
2086
3881
62
4952
3518
6607
6781
6917
7708
5932
2065
1655
7756
8863
6808
192
6087
8557
7045
5020
7037
5924
6032
2884
8277
4548
4902
7041
1296
5997
7309
3382
956
7371
9413
5553
5056
7272
2469
3842
3204
4534
5497
959
4476
3384
2230
562
3019
353
6661
1134
6277
2692
4018
5633
8320
8921
3752
694
5996
1060
5155
6952
9510
4567
3584
4565
1838
6053
9486
6121
1666
4983
8160
7221
9446
389
8862
2464
743
5523
4678
8099
9294
8696
3731
8692
8695
7483
9386
4690
9622
4540
2721
9131
185
6305
4774
3103
3436
4260
9224
6181
321
7383
3401
845
8852
3342
4388
9595
8865
9066
8772
9237
7762
3582
9008
7535
2143
8393
3304
1765
4012
6025
1974
4197
3408
6749
7300
7923
2087
7603
4104
3487
6064
8584
4332
4915
1925
9799
4509
1868
8865
4360
2184
7705
7942
1191
5239
84
662
8543
1849
4674
5646
3824
9951
132
1651
7250
8056
3738
4852
3238
8304
1995
2900
3714
6910
5905
3512
2498
8852
2376
6858
2114
1159
4799
3305
6399
4883
5047
6020
7812
9721
2745
1635
9671
2877
4365
8000
2011
9182
3930
6328
7485
5925
9229
1198
2835
6212
4710
5333
5063
8166
3269
7178
9325
8068
1561
6802
2950
7687
3901
1840
8487
7725
4554
9236
1680
8919
7235
3692
8100
2244
1098
6663
8169
326
8940
2082
7617
3650
8494
3759
2894
1762
2015
3297
9830
3576
1178
3859
1263
6158
5699
828
3882
1332
63
5562
250
7299
332
9430
9543
1431
6092
8790
2836
5032
1951
453
9761
444
4212
3733
3286
6227
7030
3115
881
9287
8053
3223
5444
4831
4051
9326
6163
4115
5967
7492
2492
6299
6921
3113
7730
4092
2981
566
202
4932
2098
1041
6456
7389
5853
9742
3615
3961
3935
5575
3248
3067
8799
8692
7898
3928
9097
5139
9122
5063
2630
1613
1361
630
5805
170
5801
8787
736
7082
3718
3913
8123
173
1301
5054
9915
4916
9015
4929
1569
2262
7996
1446
2033
5893
5375
1129
2110
5575
6192
5819
7189
8632
7528
2993
8802
3328
2858
616
409
6577
4529
9611
7829
5830
5743
8823
1824
4758
3751
3394
7020
1746
4840
131
8718
1293
1260
827
6869
8531
6646
5136
7163
5253
9208
7043
8581
2066
7660
69
9722
2188
758
7550
8019
6502
6372
9843
2338
122
4315
436
1868
9156
568
1664
1527
2907
2491
8396
1438
216
4610
9680
5469
3818
6722
5128
6963
4381
6276
6684
6570
8114
4233
5667
4615
605
5509
6953
1806
903
7389
4754
58
9036
6418
2664
1943
9989
1060
3381
1283
6749
4139
6752
566
860
2958
7529
6321
9235
5291
2890
7348
9525
9636
3041
1208
6223
1072
3014
7126
9540
8847
8263
8576
5265
927
518
6332
3066
4978
7615
9815
9117
5445
1460
1055
8403
67
7376
8716
5359
1344
7142
4883
979
182
7170
7203
1254
1262
4328
1873
109
3670
448
6453
4597
966
2784
7663
5944
1477
8556
6139
6922
15
7194
5324
83
4570
5119
5442
5914
2260
1403
6894
3522
8573
5175
5855
913
581
7728
1022
4251
8176
8554
8848
9142
1337
7589
6164
3893
6145
2302
814
6160
9497
7218
7322
5145
2336
2763
1058
4596
5245
9031
9197
3817
4205
5052
4731
4787
2779
6832
9038
955
5386
8965
1175
7802
6553
7340
1695
2697
720
3588
9937
1295
805
7258
6440
3141
1100
8578
8817
6345
7608
9092
1241
2892
4143
7051
8758
6923
4961
8874
7878
346
7838
131
9228
5470
8550
2001
8167
9271
5589
9182
1644
6395
6440
9164
614
8619
7741
509
4963
6427
9602
7283
397
3744
4333
9155
1745
9295
8029
701
719
6945
833
1025
2414
9383
3026
581
8653
8616
841
1376
6089
8360
539
7782
6978
8280
9371
3020
5785
8972
302
6183
3794
5715
5337
5540
6088
4444
6241
7886
1389
8153
8912
3803
7536
3016
5463
7267
2710
6305
8643
8799
4664
9182
7660
2721
8540
7030
6820
4325
7080
8201
507
873
3915
6923
7492
1081
1367
4812
46
3835
2964
36
7638
1578
3052
3101
8846
5763
484
8567
5640
6227
8828
3299
8948
7367
1407
5767
2770
8487
3968
4356
439
8962
2358
7931
1122
3725
3821
1168
7560
7865
1204
6276
9443
5335
9377
9367
1097
9861
7934
7817
7167
7840
2194
6114
5206
3602
2960
9056
2088
8007
3411
2527
6968
5769
1537
9169
572
6437
336
9211
4301
2619
5487
4823
7955
5942
4189
130
6882
3201
7947
4048
1040
141
1240
7326
3743
4200
6381
5831
2206
870
9438
253
7719
2053
9422
9370
8490
837
8581
2791
3456
5146
8693
2489
1087
2881
2620
9048
7162
566
3095
9281
707
4336
7685
5529
9615
5144
2439
2900
6015
1876
3153
4812
5008
3653
4181
3497
4490
2761
7367
9026
7907
6059
1514
73
19
4134
9121
7181
5780
3295
7540
7566
8710
5225
3095
8324
368
5534
1223
7462
8489
5455
2273
3496
9109
7534
6993
4677
294
4360
3702
9281
418
6296
432
1516
429
631
9776
7288
3926
7316
4854
2635
3619
7949
2038
5066
3482
3261
2528
3049
8717
5880
6545
8904
3413
3537
3580
4787
8976
7283
5146
473
3578
5578
1989
5086
6209
1765
2374
1214
159
7228
3849
3778
6255
5887
9923
9737
227
2450
2785
22
9410
408
8926
3901
5024
3584
8688
5079
866
4912
5552
5523
489
8620
609
7778
1463
4062
8992
2701
2368
3919
6479
8623
885
6402
9438
2191
9931
3301
2213
418
3709
2217
4320
8733
5801
4086
3811
7747
8999
441
3269
566
140
4957
8344
1603
9019
8414
4305
2465
3412
1862
1087
4297
9343
524
6488
352
4904
9780
770
8613
1996
6169
8425
8876
255
3314
6622
332
3756
9892
898
4975
5927
321
6578
6025
9814
1961
8490
3225
3824
656
8601
4245
2259
5088
4597
7164
5946
5368
6855
7942
1536
5279
6818
2870
8594
4518
3202
3428
4409
5180
8403
1415
5501
6059
7440
6393
8021
5929
9619
2923
6585
8219
7168
8845
4386
2844
7087
331
8212
3941
9353
826
9221
7249
3697
8893
1766
7978
3399
7255
3157
2880
8670
9737
17
6109
6130
8038
3116
6827
2039
780
5045
286
703
509
3130
7790
841
2420
1730
193
4325
2029
7442
9101
2000
9208
7079
5399
7541
1314
9358
6210
1051
9376
2318
8260
8492
5435
5086
1610
6215
1209
1896
6918
1719
6105
5786
2560
8525
7516
3832
3928
624
2352
3029
2624
2638
107
9103
179
1421
9539
6389
3551
8914
9787
1810
8485
6300
6896
94
3593
9185
3069
1589
903
252
7375
4542
9856
5969
9453
3783
6593
1804
6812
296
5521
6919
477
5700
9420
15
3168
2970
8
2954
5860
9572
9254
3834
744
3925
3018
3813
5514
5000
4065
2888
9542
3920
8857
72
8782
6529
1876
5594
7904
7398
3591
8381
4176
3010
9475
7344
7060
561
1376
3998
1211
1708
7832
1955
5633
1929
6847
1146
6929
1990
4034
7550
6989
3970
7622
5771
1577
577
1364
9481
9054
6034
8940
4308
123
9493
2731
8262
1133
4107
2259
2344
5816
1169
5379
2527
3098
2225
3674
1106
5295
8787
8656
2283
3835
7356
9133
5412
9012
1575
5971
9144
7610
5989
3452
7733
5482
6183
5994
7694
289
8253
37
7184
9422
5416
9712
3599
8721
4464
4705
4015
4329
4439
7377
9244
2873
6510
4655
2964
8085
1705
2107
5694
8773
5559
4505
4254
2820
498
3026
4189
9830
3064
1372
330
9559
2162
3929
9358
7705
9713
3372
3113
5230
1828
2356
9182
8338
8090
2145
6422
9795
4253
3195
8568
890
7700
3900
3711
9278
6927
7900
9107
1069
350
515
1706
3592
5523
1064
2375
5235
5515
5488
1543
7343
7844
725
6759
5934
2870
3181
6807
8202
7455
6453
9093
5154
1432
3882
4431
8359
2860
4617
506
4289
5132
3291
7881
655
5434
256
6969
949
6823
9592
9371
4667
316
6130
1679
4265
389
8486
3546
7844
4939
3717
4076
6371
7599
9587
5808
1537
4203
7393
5826
413
683
4786
2147
7197
5042
9117
8146
2943
8708
8595
7610
102
4724
367
5446
5113
9933
8992
2956
4871
2708
8112
2320
1385
7698
9207
2922
1900
7678
9828
3392
9440
4613
5540
6636
733
5735
5860
3676
5521
4455
2365
5623
9179
2732
2147
5371
2664
1139
9406
8614
4926
7517
2012
6312
5214
2297
312
8193
9975
139
1585
493
4752
7125
7129
5485
2859
2989
240
8380
8523
2605
5081
7701
6416
7228
4150
159
8367
3556
8773
4372
1072
1864
683
6287
4161
2074
5558
5215
2214
7143
5708
8045
4267
3915
4609
8205
7983
4849
6584
6505
8533
1664
5285
4948
9972
9435
5107
9417
2990
4959
3788
5142
6823
5550
2507
2062
7625
8065
7277
917
5208
4063
40
553
9058
4649
8759
7040
576
5342
4624
9109
8086
9909
5136
9136
421
242
8552
3412
5201
2340
9633
3102
8969
2139
5165
7672
203
3520
9668
5411
8663
9709
7044
7720
5436
5802
5838
6013
1143
461
6200
307
1448
1335
9443
1870
1578
9074
6361
7858
2492
5993
2039
1460
8132
7204
9133
9414
1802
9879
5904
464
9587
2947
8184
6102
8749
4022
2114
970
5562
8314
2357
7011
9650
1799
8881
2306
872
6320
1242
3364
2312
3281
5904
1522
1563
6115
935
3366
5993
6839
4909
6659
864
3093
2760
9613
8194
4874
1662
3755
4266
4019
1844
4994
6897
724
8379
8849
8123
9622
3291
434
2902
9195
3035
5545
5309
5050
8911
2381
1888
3819
9040
3832
7991
1799
3444
7263
7752
5106
1018
3096
203
2862
9170
7101
4666
7548
5949
2788
7169
9240
4302
1150
8435
8416
6695
4822
3465
6684
8282
6433
1581
7321
264
651
198
3708
7914
9029
9894
10
2125
96
3952
2373
8276
8618
9921
4224
2484
8169
3464
7865
9319
2977
6281
7092
8878
9746
4854
7160
6178
6435
5559
6442
8165
6837
1229
6079
5865
2201
6089
9069
3376
40
1441
1652
9737
2441
6955
3300
609
1497
2243
1006
4474
8524
8098
4431
9349
4030
2669
6605
464
8228
4126
8630
5064
5355
5787
2008
8635
2954
1076
2010
4074
3597
4741
3810
6038
1696
8189
6647
3193
432
8732
8747
34
6829
3177
461
858
6925
7067
2401
6231
1192
2109
2374
7626
8975
4382
6260
1929
6537
9349
6003
1212
4090
891
7250
5786
159
4975
57
591
4785
8804
1704
1613
3059
2166
3550
9984
311
7031
6215
1503
218
9668
207
9194
4049
6467
1122
1664
6894
8204
2877
983
9095
1205
7848
9254
7260
7906
923
2044
6709
3707
4737
847
5873
8287
1909
7263
6396
9203
9845
6615
8870
51
6887
2918
7597
8009
5662
4490
6212
8539
6553
6385
9744
4400
5639
8082
2305
7641
126
93
1347
4863
940
8299
4228
2849
5561
1703
2052
6484
9397
2000
6535
6283
4919
5210
5370
580
779
2660
197
7332
9045
1019
1731
5762
9102
5116
3403
9228
6288
5829
5169
8307
4128
9397
1155
767
2178
4286
7252
1574
6287
4865
7857
2284
75
3226
3943
854
5886
4140
9265
6010
6238
2074
1771
5339
7190
6253
5645
4556
2082
813
2862
7289
1289
5097
8056
3467
461
6386
5042
6748
1251
2898
110
1326
7204
5132
3259
3089
9272
2523
9099
6589
4597
1949
1927
2866
8202
7573
7422
1362
9465
284
8651
1832
6460
7786
5300
6921
4171
1420
4748
6501
5397
4858
7827
2600
9991
2164
6769
340
4687
6946
6929
363
8895
9936
3229
8176
8587
1729
616
8051
3092
9268
9884
9552
8132
6262
7552
3381
7682
2299
9883
4157
8236
8788
6758
8226
952
4605
9646
6718
2629
7653
7081
2603
8667
1388
778
7253
3118
1394
6383
7289
1740
7345
7920
950
3606
5471
4332
2366
7770
5293
7602
6005
4080
5438
5310
6111
42
6034
2829
2672
3686
988
6354
2353
3456
7132
684
7653
9605
7067
4941
2424
4411
2860
3374
9096
8331
8785
2540
7179
4077
142
3184
9237
6659
9573
5347
6702
5606
9255
452
9292
1322
7885
2723
4778
5016
3408
2430
5699
1553
8450
9202
7044
2389
3655
6139
719
2439
9759
8978
7596
979
2161
7911
7638
1733
3257
5418
7339
3591
6949
7709
4913
4833
1511
769
927
5998
4278
6627
7551
2727
6907
4594
6195
561
1812
7994
4080
1570
6971
1675
2549
9132
664
1265
1943
5000
6684
360
8591
4711
9148
4582
9545
658
6430
471
7735
707
8177
5286
4514
5084
9880
708
6724
2770
8702
803
4340
5672
3557
7968
5882
4221
9234
8904
9222
6996
342
7812
1706
9491
3473
2329
1227
9903
3880
41
1689
2056
5327
6203
8219
6285
7990
4943
9056
7771
6825
4474
3442
382
2442
403
4603
2754
385
3824
828
1807
2715
3613
2376
7267
5943
3603
7169
9823
3644
8858
2957
49
6139
2255
6335
4129
8277
6469
2978
5101
942
7499
6562
4463
7902
1165
7217
9367
6068
9124
1173
9862
2737
3549
7128
8680
8231
5376
9581
2954
5312
2537
4082
2530
4792
1495
7738
3068
7964
715
9249
9986
8214
5810
4448
7195
8054
2744
6561
4122
1867
8813
5062
5683
3440
2190
4362
1670
8645
3942
5703
3956
7559
9786
7565
2350
1280
5302
6498
323
6017
5746
308
4231
2634
5835
2504
688
9658
9065
4810
2604
8956
950
8287
2395
3140
2649
5144
2863
7670
1926
7899
5228
1711
5463
8658
4070
765
5155
5472
7861
1979
6859
3170
4613
3773
5674
5301
3430
5817
1189
6034
4772
2140
4321
7167
5280
8049
3390
9223
6797
5316
7121
2025
8106
3662
682
2175
4427
6916
8727
3367
8895
5585
6537
3507
436
2211
8809
3867
8028
9998
979
2800
3216
6379
1045
9576
4427
5514
8798
2303
829
5918
4328
8935
658
6089
2189
5086
3004
1994
9532
1898
8658
6068
6484
9095
8279
6371
2961
7386
7448
3940
1264
663
319
3388
238
5825
8903
9036
8128
810
6032
3534
9746
6691
9623
3013
2855
3705
5007
2386
6682
3664
8454
3166
2758
7812
615
6798
6276
8063
1817
7540
8727
3215
2006
8965
9040
908
9080
8247
2798
5111
2859
2543
2880
3561
6635
5735
7266
2720
9200
3948
6384
8733
8193
221
7623
8808
7019
3898
6871
9915
2516
6676
3129
4522
6719
2169
6510
5798
1494
9308
1988
4353
2929
5947
7914
9564
2761
6259
2283
1960
206
9746
692
9478
1045
8315
9364
9144
3291
6234
9058
5807
3988
2187
329
707
5435
7918
7584
6929
7225
9572
2360
153
5519
1353
795
8280
7612
4157
1318
8897
4981
3090
8374
6027
1404
7737
5170
5775
5050
4227
1581
116
6414
2989
823
1848
906
8408
9856
8131
9058
2216
9363
5655
3569
1236
5013
2259
5393
6332
1155
1453
9422
607
7480
1904
9423
2649
7679
5551
7955
9261
5668
4369
2249
7570
7296
3156
7056
7152
2365
6114
446
1728
2847
5094
4043
7861
7353
9437
4192
8508
889
4692
9115
9448
6596
9616
3175
4275
5167
1129
4614
834
6577
7942
8404
4952
2176
6539
2103
4542
2652
3628
7349
6578
8722
1391
4438
6074
1906
8630
4581
3874
4400
4774
3321
996
5468
6496
6350
634
8705
2042
2547
5281
9984
2030
232
2160
8569
3414
7781
2299
7042
5129
8877
5763
7599
3315
2915
9506
3023
8575
3379
7424
4427
7780
9499
9896
4275
5848
529
2979
8969
3077
9340
8952
6186
9572
2190
4754
4065
9971
7053
2185
6178
5929
9028
3777
322
1942
4361
3346
517
8819
1848
6023
6598
1346
5918
1952
8273
6448
6010
7241
603
5349
7271
6789
6000
9462
2621
64
510
9674
3328
6689
6681
2355
1544
8083
5377
6984
2507
6973
5802
4355
2995
3479
6780
8914
5431
5052
6440
1440
3371
8122
7869
641
5989
3868
102
8610
5011
613
9362
9418
8381
6042
1773
9925
5203
8229
7987
7710
5201
4867
2064
8196
8346
9923
8188
4855
4974
4627
7375
9424
3827
5243
65
9816
189
1246
8425
6279
1859
7786
5696
1318
4907
8548
2321
1188
6776
307
8899
1976
5175
2041
172
3520
1964
9439
9455
6938
4066
6829
6362
7893
3150
7506
8788
4418
8752
7212
696
1690
6077
6392
3008
2062
4940
5330
3250
2794
5637
3227
4771
1890
5269
6022
6490
7233
5460
5944
5249
604
3851
2689
9577
7001
194
8364
1418
8947
6654
3193
1715
3809
9585
4723
5871
5603
52
200
8398
6769
3427
4247
9738
8696
268
6227
7007
6807
2170
2256
7412
7100
4945
6988
4100
5140
6430
6597
5165
3083
9790
6880
7972
453
2681
3842
7135
2734
5121
6611
581
9628
857
318
9402
1125
7625
6409
7933
9795
8665
6423
6895
3609
3410
2073
9828
918
9750
6071
4001
9539
2950
3051
1070
6711
6894
8206
523
3093
4816
1104
2720
6753
2501
2122
8957
125
8531
6889
999
8274
4390
8973
1882
8879
2124
2789
9797
1873
8860
4877
2491
2889
7928
3561
9600
5900
2845
122
8994
8741
2305
2792
5493
5885
5993
4449
7090
5602
2417
9168
3875
6807
9219
6837
5686
1342
9626
6561
4295
9564
1437
6786
3531
9366
1425
4209
6344
5350
4331
6416
4090
7715
9209
661
4679
6280
5110
1768
1882
7527
935
5757
5413
153
3672
2177
2574
3297
8738
6869
3940
175
4733
7471
619
7238
1680
6963
2587
7090
3379
7756
5884
3666
8417
562
9946
4605
2330
1827
3211
4344
8664
8624
4497
2335
800
7071
6712
9538
5019
651
791
9752
9201
1410
8068
880
9453
654
9050
2831
9489
4933
7576
8984
5495
7521
3589
8904
427
6800
3247
9091
6502
8823
2504
7302
5893
9216
7918
1990
945
8710
1742
146
119
9810
2105
650
1543
1154
4560
2110
7166
2135
1094
3739
735
4683
2642
1162
2561
6968
1331
9063
5790
3835
6364
2762
4130
5360
4752
5075
4069
7573
5221
5268
8462
7327
5918
4
9560
478
2114
7805
3692
3208
1543
4427
8970
5265
6668
1530
2232
7999
1671
9102
2913
8035
1863
8122
4474
7694
3196
8543
5267
9497
3810
3728
7902
807
4811
8540
2364
8004
6344
6056
1212
7888
483
1260
3152
7151
3870
6463
6229
5541
6643
220
4655
8506
8342
9129
7279
1537
7671
2545
2112
2560
7352
13
4446
2162
8554
6810
165
4897
2865
2456
3863
4427
4796
8094
2657
8666
5636
8886
5285
2278
184
9940
1863
8526
146
9142
1141
7818
2765
3254
1456
116
4346
5902
3357
3978
3790
4601
9955
6655
8137
3817
1082
2932
1911
4818
2676
8626
3703
7961
903
4966
8980
2766
3491
9126
1907
5711
8022
4672
43
556
5867
5469
7537
9224
9447
1326
4904
9401
9061
3040
3218
1221
7051
6208
6039
805
4833
820
8766
6815
5786
8824
9582
355
7950
1488